,
  {
    "id": "washington-polygon",
    "country": "United States of America",
    "stateCode": "WA",
    "geometry": {
      "type": "Polygon",
      "coordinates": [
        [
          [
            -124.63,
            48.36
          ],
          [
            -123.87,
            46.14
          ],
          [
            -122.23,
            45.54
          ],
          [
            -119.17,
            45.95
          ],
          [
            -116.92,
            45.96
          ],
          [
            -116.99,
            49
          ],
          [
            -123.05,
            49.02
          ],
          [
            -123.15,
            48.31
          ],
          [
            -124.63,
            48.36
          ]
        ]
      ]
    }
  },
  {
    "id": "india-polygon",
    "geometry": {
      "type": "Polygon",
      "coordinates": [
        [
          [
            77.8374507994746,
            35.4940095077878
          ],
          [
            78.9122689147132,
            34.3219363469758
          ],
          [
            78.8110864602857,
            33.5061980250324
          ],
          [
            79.2088916360686,
            32.9943946396137
          ],
          [
            79.1761287779955,
            32.4837798121377
          ],
          [
            78.458446486326,
            32.6181643743127
          ],
          [
            78.738894484374,
            31.5159060735271
          ],
          [
            79.7213668151071,
            30.8827147486547
          ],
          [
            81.1112561380293,
            30.1834809433134
          ],
          [
            80.4767212259174,
            29.7298652206553
          ],
          [
            80.0884245136763,
            28.7944701197401
          ],
          [
            81.057202589852,
            28.416095282499
          ],
          [
            81.999987420585,
            27.92547923432
          ],
          [
            83.3042488951995,
            27.3645057235756
          ],
          [
            84.6750179381738,
            27.2349012313875
          ],
          [
            85.2517785989834,
            26.7261984319063
          ],
          [
            86.0243929381792,
            26.6309846054086
          ],
          [
            87.2274719583663,
            26.3978980575561
          ],
          [
            88.0602376647498,
            26.4146153834025
          ],
          [
            88.1748043151409,
            26.810405178326
          ],
          [
            88.0431327656612,
            27.4458185897868
          ],
          [
            88.1204407083699,
            27.8765416529396
          ],
          [
            88.7303259622786,
            28.0868647323675
          ],
          [
            88.8142484883206,
            27.2993159042394
          ],
          [
            88.8356425312894,
            27.0989663762438
          ],
          [
            89.7445276224389,
            26.71940298106
          ],
          [
            90.3732747741341,
            26.8757241887429
          ],
          [
            91.2175126484864,
            26.808648179628
          ],
          [
            92.0334835143751,
            26.8383104517636
          ],
          [
            92.1037117858597,
            27.4526140406332
          ],
          [
            91.6966565286967,
            27.7717418482517
          ],
          [
            92.5031189310436,
            27.8968763290464
          ],
          [
            93.4133476094327,
            28.6406293808072
          ],
          [
            94.5659904317029,
            29.27743805594
          ],
          [
            95.4048022806646,
            29.0317166203921
          ],
          [
            96.117678664131,
            29.4528020289225
          ],
          [
            96.5865906107475,
            28.8309795191543
          ],
          [
            96.2488334492878,
            28.4110309921344
          ],
          [
            97.32711388549,
            28.2615827499463
          ],
          [
            97.4025614766361,
            27.8825361190854
          ],
          [
            97.0519885599681,
            27.6990589462332
          ],
          [
            97.1339990580153,
            27.08377350515
          ],
          [
            96.419365675851,
            27.2645893417392
          ],
          [
            95.124767694075,
            26.5735720891323
          ],
          [
            95.1551534362626,
            26.0013072779321
          ],
          [
            94.6032491393854,
            25.1624954289704
          ],
          [
            94.5526579121716,
            24.6752383488903
          ],
          [
            94.1067419779251,
            23.8507408716735
          ],
          [
            93.3251876159428,
            24.0785564234322
          ],
          [
            93.2863269388593,
            23.043658352139
          ],
          [
            93.0602942240146,
            22.7031106633356
          ],
          [
            93.1661275573484,
            22.2784595809771
          ],
          [
            92.6727209818256,
            22.0412389185413
          ],
          [
            92.1460347839068,
            23.6274986841726
          ],
          [
            91.8699276061713,
            23.6243464218028
          ],
          [
            91.7064750508321,
            22.9852639836492
          ],
          [
            91.1589632506997,
            23.5035269231044
          ],
          [
            91.4677299336437,
            24.0726394719348
          ],
          [
            91.9150928079944,
            24.1304137232371
          ],
          [
            92.3762016133348,
            24.976692816665
          ],
          [
            91.7995959818221,
            25.1474317489573
          ],
          [
            90.8722107279121,
            25.1326006128895
          ],
          [
            89.9206925801219,
            25.2697498641922
          ],
          [
            89.8324809101996,
            25.9650820988955
          ],
          [
            89.3550940286873,
            26.0144072535181
          ],
          [
            88.5630493509498,
            26.4465255803427
          ],
          [
            88.2097892598025,
            25.7680657007827
          ],
          [
            88.9315539896231,
            25.2386923283848
          ],
          [
            88.306372511756,
            24.8660794133442
          ],
          [
            88.0844222350624,
            24.5016572128219
          ],
          [
            88.6999402200909,
            24.2337149113886
          ],
          [
            88.5297697285538,
            23.6311418726492
          ],
          [
            88.8763118835031,
            22.8791464299378
          ],
          [
            89.0319612975662,
            22.055708319583
          ],
          [
            88.8887659036854,
            21.6905884872247
          ],
          [
            88.2084973489952,
            21.7031716984878
          ],
          [
            86.9757043802403,
            21.4955616317552
          ],
          [
            87.0331685729489,
            20.7433078068824
          ],
          [
            86.4993510273738,
            20.1516384953566
          ],
          [
            85.0602657409097,
            19.4785788029711
          ],
          [
            83.9410058939,
            18.3020097925497
          ],
          [
            83.1892171569178,
            17.671221421779
          ],
          [
            82.1927921894659,
            17.0166360539378
          ],
          [
            82.1912418964972,
            16.5566641301078
          ],
          [
            81.6927193541775,
            16.3102192245079
          ],
          [
            80.7919991393301,
            15.9519723576445
          ],
          [
            80.3248958678439,
            15.8991848820584
          ],
          [
            80.0250692076864,
            15.1364149032141
          ],
          [
            80.2332735533904,
            13.83577077886
          ],
          [
            80.2862935729219,
            13.0062606877108
          ],
          [
            79.8625468281285,
            12.0562153182409
          ],
          [
            79.8579993020868,
            10.3572750919971
          ],
          [
            79.340511509116,
            10.3088542749396
          ],
          [
            78.8853454934892,
            9.54613597252772
          ],
          [
            79.1897196796883,
            9.21654368737015
          ],
          [
            78.2779407083305,
            8.93304677981693
          ],
          [
            77.9411653990844,
            8.25295909263974
          ],
          [
            77.5398979023379,
            7.96553477623233
          ],
          [
            76.5929789570217,
            8.89927623131419
          ],
          [
            76.1300614765511,
            10.2996300317755
          ],
          [
            75.7464673196485,
            11.3082506372483
          ],
          [
            75.3961011087096,
            11.7812450220158
          ],
          [
            74.8648157083168,
            12.7419357365379
          ],
          [
            74.6167171568835,
            13.9925829126497
          ],
          [
            74.4438594908672,
            14.6172217879777
          ],
          [
            73.5341992532334,
            15.990652167215
          ],
          [
            73.1199092955494,
            17.9285700545925
          ],
          [
            72.8209094583086,
            19.2082335474362
          ],
          [
            72.8244751321368,
            20.4195032821415
          ],
          [
            72.6305334817454,
            21.356009426351
          ],
          [
            71.175273471974,
            20.7574413111142
          ],
          [
            70.4704586119451,
            20.8773306340314
          ],
          [
            69.1641300800388,
            22.0892980005727
          ],
          [
            69.6449276060824,
            22.4507746444543
          ],
          [
            69.3495967955344,
            22.8431796330627
          ],
          [
            68.1766451353734,
            23.6919650334567
          ],
          [
            68.8425993183188,
            24.3591336125609
          ],
          [
            71.0432401874682,
            24.3565239527302
          ],
          [
            70.8446993346028,
            25.2151020370435
          ],
          [
            70.2828731627256,
            25.7222287053398
          ],
          [
            70.168926629522,
            26.4918716496788
          ],
          [
            69.5143929381131,
            26.9409656845114
          ],
          [
            70.6164962096019,
            27.9891962753359
          ],
          [
            71.7776656432003,
            27.9131802434345
          ],
          [
            72.8237516620847,
            28.9615917017721
          ],
          [
            73.4506384622174,
            29.9764134791199
          ],
          [
            74.4213802428203,
            30.9798147649312
          ],
          [
            74.405928989565,
            31.6926394719653
          ],
          [
            75.2586417988132,
            32.2711054550405
          ],
          [
            74.4515592792787,
            32.7648996038055
          ],
          [
            74.1042936542773,
            33.4414732935869
          ],
          [
            73.749948358052,
            34.3176988795279
          ],
          [
            74.240202671205,
            34.7488870305713
          ],
          [
            75.7570609882683,
            34.5049225937213
          ],
          [
            76.871721632804,
            34.6535440129927
          ],
          [
            77.8374507994746,
            35.4940095077878
          ]
        ]
      ]
    }
  },
  {
    "id": "polygon",
    "footprint": {
      "type": "Polygon",
      "coordinates": [
        [
          [
            -74.780678,
            10.973175375207564
          ],
          [
            -74.773293919212719,
            10.972856728561238
          ],
          [
            -74.765966082779485,
            10.971903215715052
          ],
          [
            -74.7587503055614,
            10.970322099414361
          ],
          [
            -74.751701546746688,
            10.968125422600975
          ],
          [
            -74.744873490270649,
            10.965329916461481
          ],
          [
            -74.738318135068255,
            10.961956872690292
          ],
          [
            -74.732085398315675,
            10.958031980948769
          ],
          [
            -74.726222734709339,
            10.953585132777587
          ],
          [
            -74.72077477470674,
            10.948650193468669
          ],
          [
            -74.715782984499569,
            10.943264743654186
          ],
          [
            -74.711285350317851,
            10.937469792599721
          ],
          [
            -74.707316089470993,
            10.931309465405118
          ],
          [
            -74.703905390319591,
            10.924830666514849
          ],
          [
            -74.701079183145225,
            10.91808272211917
          ],
          [
            -74.698858943641113,
            10.911117004187272
          ],
          [
            -74.6972615304966,
            10.903986539009535
          ],
          [
            -74.696299058273979,
            10.896745603244831
          ],
          [
            -74.695978806514148,
            10.889449310556859
          ],
          [
            -74.696303165719954,
            10.882153191995066
          ],
          [
            -74.697269620586312,
            10.87491277331819
          ],
          [
            -74.698870770562053,
            10.867783152478559
          ],
          [
            -74.701094387543449,
            10.860818580480377
          ],
          [
            -74.703923510218317,
            10.854072048795539
          ],
          [
            -74.70733657430749,
            10.847594886468892
          ],
          [
            -74.711307577671761,
            10.841436369964686
          ],
          [
            -74.715806279004767,
            10.83564334871058
          ],
          [
            -74.720798428571911,
            10.830259889170497
          ],
          [
            -74.726246029223745,
            10.825326940136572
          ],
          [
            -74.732107625686879,
            10.820882021767437
          ],
          [
            -74.73833861992803,
            10.816958940718891
          ],
          [
            -74.744891610195864,
            10.813587533514497
          ],
          [
            -74.751716751171386,
            10.81079344008922
          ],
          [
            -74.758762132505623,
            10.808597909212722
          ],
          [
            -74.765974172886487,
            10.807017637252722
          ],
          [
            -74.7732980266679,
            10.80606464149605
          ],
          [
            -74.780678,
            10.805746168976489
          ],
          [
            -74.7880579733321,
            10.80606464149605
          ],
          [
            -74.795381827113516,
            10.807017637252722
          ],
          [
            -74.80259386749438,
            10.808597909212722
          ],
          [
            -74.809639248828617,
            10.81079344008922
          ],
          [
            -74.816464389804139,
            10.813587533514497
          ],
          [
            -74.823017380071974,
            10.816958940718893
          ],
          [
            -74.829248374313124,
            10.820882021767437
          ],
          [
            -74.835109970776259,
            10.825326940136572
          ],
          [
            -74.840557571428093,
            10.830259889170497
          ],
          [
            -74.845549720995223,
            10.835643348710581
          ],
          [
            -74.850048422328229,
            10.841436369964686
          ],
          [
            -74.854019425692513,
            10.84759488646889
          ],
          [
            -74.857432489781687,
            10.854072048795539
          ],
          [
            -74.860261612456554,
            10.860818580480377
          ],
          [
            -74.862485229437951,
            10.867783152478559
          ],
          [
            -74.864086379413678,
            10.87491277331819
          ],
          [
            -74.86505283428005,
            10.882153191995066
          ],
          [
            -74.865377193485855,
            10.889449310556859
          ],
          [
            -74.865056941726024,
            10.896745603244831
          ],
          [
            -74.8640944695034,
            10.903986539009535
          ],
          [
            -74.86249705635889,
            10.911117004187272
          ],
          [
            -74.860276816854778,
            10.918082722119168
          ],
          [
            -74.857450609680413,
            10.924830666514849
          ],
          [
            -74.854039910529,
            10.931309465405118
          ],
          [
            -74.850070649682138,
            10.937469792599721
          ],
          [
            -74.845573015500435,
            10.943264743654186
          ],
          [
            -74.840581225293263,
            10.948650193468669
          ],
          [
            -74.835133265290651,
            10.953585132777585
          ],
          [
            -74.829270601684328,
            10.958031980948769
          ],
          [
            -74.823037864931749,
            10.961956872690294
          ],
          [
            -74.816482509729354,
            10.965329916461481
          ],
          [
            -74.809654453253316,
            10.968125422600977
          ],
          [
            -74.8026056944386,
            10.970322099414361
          ],
          [
            -74.795389917220518,
            10.971903215715052
          ],
          [
            -74.788062080787284,
            10.972856728561238
          ],
          [
            -74.780678,
            10.973175375207564
          ]
        ]
      ]
    }
  },
  {
    "metadata": {
      "wsiProductNumber": "1140",
      "messageType": "AIRMET",
      "productId": "AIRMET_GOVT",
      "messageId": "AIRMET_20180119010212aa0cb8d6a84e3769719d07643cd8beb1",
      "expiry": "2018-01-19T04:00:00Z",
      "messageSize": 2904
    },
    "data": {
      "rawType": "SFC WND",
      "issueTime": "2018-01-18T21:44:00Z",
      "changeType": "ROU",
      "phenomenon": "WINDS",
      "rawData": "HNLT WA 182200 \nAIRMET TANGO UPDATE 3 FOR TURB VALID UNTIL 190400 \nAIRMET STG SFC WND...HI \nOVER MTN...THRU VALLEYS...AND NEAR HEADLANDS ALL ISLANDS. \nSTG SFC WIND 30 KT OR GREATER. \nCOND CONT BEYOND 0400Z",
      "type": "WINDS",
      "expireAt": "2018-01-19T04:00:00Z",
      "rowId": 42009265343914,
      "reportType": "AIRMET",
      "activeAt": "2018-01-18T22:00:00Z",
      "siteId": "PHNL",
      "id": "2",
      "region": {
        "coordinates": [
          [
            [
              [
                -156.017,
                19.645
              ],
              [
                -156.074,
                19.734
              ],
              [
                -156.048,
                19.798
              ],
              [
                -155.934,
                19.879
              ],
              [
                -155.841,
                19.996
              ],
              [
                -155.917,
                20.2
              ],
              [
                -155.899,
                20.262
              ],
              [
                -155.837,
                20.281
              ],
              [
                -155.595,
                20.134
              ],
              [
                -155.437,
                20.105
              ],
              [
                -155.208,
                19.985
              ],
              [
                -155.077,
                19.859
              ],
              [
                -155.082,
                19.741
              ],
              [
                -154.999,
                19.747
              ],
              [
                -154.973,
                19.645
              ],
              [
                -154.799,
                19.518
              ],
              [
                -154.977,
                19.34
              ],
              [
                -155.157,
                19.259
              ],
              [
                -155.294,
                19.256
              ],
              [
                -155.5,
                19.132
              ],
              [
                -155.594,
                18.965
              ],
              [
                -155.686,
                18.904
              ],
              [
                -155.732,
                18.961
              ],
              [
                -155.889,
                19.03
              ],
              [
                -155.93,
                19.113
              ],
              [
                -155.899,
                19.347
              ],
              [
                -156.017,
                19.645
              ]
            ],
            [
              [
                -156.539,
                20.987
              ],
              [
                -156.52,
                20.998
              ],
              [
                -156.472,
                20.906
              ],
              [
                -156.326,
                20.96
              ],
              [
                -156.238,
                20.948
              ],
              [
                -156.109,
                20.836
              ],
              [
                -156,
                20.805
              ],
              [
                -155.967,
                20.727
              ],
              [
                -156.109,
                20.632
              ],
              [
                -156.298,
                20.577
              ],
              [
                -156.443,
                20.592
              ],
              [
                -156.474,
                20.775
              ],
              [
                -156.631,
                20.802
              ],
              [
                -156.7,
                20.883
              ],
              [
                -156.674,
                21.019
              ],
              [
                -156.589,
                21.044
              ],
              [
                -156.539,
                20.987
              ]
            ],
            [
              [
                -156.501,
                20.646
              ],
              [
                -156.486,
                20.636
              ],
              [
                -156.5,
                20.623
              ],
              [
                -156.512,
                20.635
              ],
              [
                -156.501,
                20.646
              ]
            ],
            [
              [
                -156.593,
                20.612
              ],
              [
                -156.533,
                20.583
              ],
              [
                -156.541,
                20.507
              ],
              [
                -156.677,
                20.494
              ],
              [
                -156.712,
                20.521
              ],
              [
                -156.593,
                20.612
              ]
            ],
            [
              [
                -156.714,
                21.142
              ],
              [
                -156.698,
                21.145
              ],
              [
                -156.697,
                21.127
              ],
              [
                -156.715,
                21.126
              ],
              [
                -156.714,
                21.142
              ]
            ],
            [
              [
                -157.114,
                21.098
              ],
              [
                -157.324,
                21.105
              ],
              [
                -157.257,
                21.237
              ],
              [
                -157.017,
                21.196
              ],
              [
                -156.973,
                21.229
              ],
              [
                -156.941,
                21.186
              ],
              [
                -156.703,
                21.162
              ],
              [
                -156.772,
                21.078
              ],
              [
                -156.875,
                21.038
              ],
              [
                -157.114,
                21.098
              ]
            ],
            [
              [
                -157.006,
                20.828
              ],
              [
                -157.072,
                20.904
              ],
              [
                -157.027,
                20.939
              ],
              [
                -156.902,
                20.928
              ],
              [
                -156.799,
                20.819
              ],
              [
                -156.838,
                20.753
              ],
              [
                -156.968,
                20.725
              ],
              [
                -157.006,
                20.828
              ]
            ],
            [
              [
                -158.116,
                21.592
              ],
              [
                -158.048,
                21.691
              ],
              [
                -157.962,
                21.721
              ],
              [
                -157.903,
                21.656
              ],
              [
                -157.92,
                21.644
              ],
              [
                -157.88,
                21.568
              ],
              [
                -157.836,
                21.55
              ],
              [
                -157.836,
                21.472
              ],
              [
                -157.802,
                21.442
              ],
              [
                -157.782,
                21.475
              ],
              [
                -157.712,
                21.48
              ],
              [
                -157.733,
                21.414
              ],
              [
                -157.693,
                21.401
              ],
              [
                -157.706,
                21.381
              ],
              [
                -157.65,
                21.34
              ],
              [
                -157.645,
                21.297
              ],
              [
                -157.702,
                21.253
              ],
              [
                -157.726,
                21.282
              ],
              [
                -157.794,
                21.248
              ],
              [
                -157.969,
                21.319
              ],
              [
                -158.113,
                21.291
              ],
              [
                -158.294,
                21.579
              ],
              [
                -158.116,
                21.592
              ]
            ],
            [
              [
                -157.812,
                21.477
              ],
              [
                -157.805,
                21.489
              ],
              [
                -157.789,
                21.482
              ],
              [
                -157.806,
                21.456
              ],
              [
                -157.812,
                21.477
              ]
            ],
            [
              [
                -159.562,
                21.883
              ],
              [
                -159.769,
                21.975
              ],
              [
                -159.795,
                22.074
              ],
              [
                -159.732,
                22.161
              ],
              [
                -159.587,
                22.236
              ],
              [
                -159.405,
                22.249
              ],
              [
                -159.346,
                22.226
              ],
              [
                -159.286,
                22.145
              ],
              [
                -159.33,
                22.046
              ],
              [
                -159.326,
                21.957
              ],
              [
                -159.444,
                21.862
              ],
              [
                -159.562,
                21.883
              ]
            ],
            [
              [
                -160.168,
                21.947
              ],
              [
                -160.107,
                22.038
              ],
              [
                -160.045,
                21.994
              ],
              [
                -160.068,
                21.891
              ],
              [
                -160.155,
                21.857
              ],
              [
                -160.208,
                21.77
              ],
              [
                -160.258,
                21.849
              ],
              [
                -160.168,
                21.947
              ]
            ],
            [
              [
                -160.546,
                21.64
              ],
              [
                -160.562,
                21.659
              ],
              [
                -160.552,
                21.672
              ],
              [
                -160.536,
                21.653
              ],
              [
                -160.546,
                21.64
              ]
            ]
          ]
        ],
        "type": "MultiPolygon"
      },
      "objectId": 42009265343914
    },
    "id": "boeing"
  },
  {
    "UCATS": 0,
    "URTS": 0,
    "UTS": 0,
    "AC": null,
    "ASC": 5,
    "ESC": 0,
    "FSC": 73,
    "RSC": 0,
    "RTSC": 0,
    "SC": 112,
    "SSC": 34,
    "LN": null,
    "PLID": "ChIJA9KNRIL-1BIRb15jJFz1LOI",
    "PID": null,
    "NAME": "Italy",
    "PPID": "ChIJhdqtz4aI7UYRefD8s-aZ73I",
    "LOC": {
      "type": "Point",
      "coordinates": [
        12.7673821,
        41.9719447
      ]
    },
    "LT": 1,
    "HCA": true,
    "A2": "IT",
    "id": "CRI",
    "CID": "tJ",
    "DT": 9,
    "PK": "tJA1"
  }